998636
998655
999073
999665
999771
999775
1000381
1002384
1004006
1004814
1004815
1005945
1006559
1007178
1007179
1007182
1007283
1007373
1007466
1007480
1010272
1010287
1010288
1010348
1010352
1010366
1010376
1010392
1010430
1010453
1010454
1010457
1010475
1010522
1010545
1010551
1010554
1010568
1010570
1010585
1010591
1010610
1010620
1010681
1010701
1010707
1010747
1010771
1010776
1010834
1010835
1010839
1010903
1010932
1010935
1010945
1010948
1010954
1010988
1011062
1011077
1011108
1011111
1011126
1011149
1011197
1011288
1011315
1011348
1011353
1011388
1011401
1011481
1011577
1011649
1011709
1012078
1012168
1012227
1012704
1012724
1012834
1013020
1013048
1013072
1013123
1013376
1013446
1013501
1013565
1013607
1013742
1013894
1013940
1014022
1014023
1014076
1014083
1014152
1014187
1014208
1014216
1014291
1014319
1014474
1014509
1014629
1014645
1014679
1014688
1014705
1014741
1014919
1015089
1015225
1015251
1015630
1015633
1015660
1015719
1016154
1016174
1016507
1016534
1016548
1016588
1016647
1016998
1017097
1017365
1017427
1017576
1017806
1018323
1018415
1018430
1018736
1019318
1019553
1019726
1019750
1019753
1020154
1020297
1020843
1020880
1020905
1021081
1021102
1021132
1021242
1021630
1021705
1021841
1022227
1022656
1022679
1022758
1023099
1023211
1023258
1023304
1023527
1023632
1023646
1023866
1023984
1024038
1024060
1024150
1024280
1024418
1024443
1024890
1025043
1025085
1025259
1025663
1026125
1026177
1026363
1026645
1026963
1027111
1027316
1027539
1027662
1027799
1028164
1028218
1028270
1028465
1028539
1028710
1028713
1029002
1029474
1029569
1029891
1029950
1030556
1030566
1030746
1031118
1031458
1032029
1032051
1032133
1032187
1032929
1033025
1033130
1033282
1033346
1033361
1033924
1033939
1034076
1034213
1034256
1034293
1034389
1034697
1034927
1035204
1035333
1035696
1035728
1035741
1035892
1036065
1036327
1036401
1036504
1037164
1037349
1037488
1037626
1037765
1038376
1038431
1038469
1039090
1039161
1039357
1039503
1039543
1039912
1040072
1040338
1040352
1041451
1041463
1041783
1042779
1042879
1043106
1043261
1043458
1043809
1043842
1044054
1044124
1044132
1044193
1044529
1044534
1044628
1044655
1044774
1044780
1046007
1046024
1046313
1046925
1048240
1048340
1048406
1048643
1048814
1049460
1049761
1049795
1050016
1050470
1050482
1051294
1051410
1051469
1051557
1052069
1052246
1052645
1052767
1052880
1053111
1053519
1053555
1053634
1053665
1054733
1055113
1056089
1056479
1056589
1056957
1057671
1058400
1058507
1058682
1058777
1058867
1058886
1059308
1059568
1060726
1060745
1060754
1061823
1062797
1063138
1063247
1063466
1063785
1064087
1064349
1064925
1065148
1065568
1065805
1066358
1066761
1066909
1066916
1067090
1067325
1067582
1067688
1068161
1068445
1068591
1068622
1069215
1069737
1069793
1069794
1069925
1070428
1070489
1070693
1070955
1070976
1071412
1072579
1072778
1072937
1072997
1073371
1073634
1073709
1074113
1074625
1074711
1074740
1074746
1075312
1075570
1075626
1075788
1076330
1076427
1076905
1077414
1077613
1077962
1078489
1079241
1079355
1079600
1080157
1080657
1080717
1080959
1080963
1081260
1081581
1081815
1082034
1082220
1082434
1082552
1082667
1083132
1084725
1084909
1085385
1085600
1085646
1085884
1086324
1086774
1086785
1086923
1087096
1087306
1087319
1087565
1088354
1088643
1088860
1089116
1089396
1089657
1089692
1089782
1090102
1090426
1091343
1091347
1091957
1092350
1092664
1093256
1093819
1093859
1094019
1094360
1094756
1094819
1095967
1096676
1096847
1097072
1097521
1098109
1098256
1098523
1099136
1100425
1101505
1101636
1101884
1102776
1102909
1103479
1103935
1104223
1105207
1105362
1105521
1105826
1105915
1106887
1107321
1108428
1108597
1108680
1108950
1109146
1109315
1109445
1109673
1109879
1110057
1110614
1110858
1110993
1111148
1112026
1112046
1112160
1113699
1114565
1115041
1115441
1115798
1116215
1116387
1116869
1117135
1118279
1124392
1124393
1129634
1134164
1143041
1143045
1145591
1150176
1177479
1177480
1181837
1195029
1195031
1195034
1195038
1195072
1195075
1213708
1217255
1220080
1220083
1223104
1228366
1228369
1233801
1343913
1428120
1428121
