534
535
539
556
568
569
603
608
609
610
709
760
761
762
774
775
777
778
1361
1375
1389
1398
1403
1408
1446
1449
1525
1566
1616
1619
1686
1851
2008
2016
2061
2251
2345
2346
2432
2478
2506
2507
2512
2524
2528
2531
2550
2551
2552
2587
2594
2599
2603
2605
3144
3149
3182
3230
3234
3291
3292
3312
3587
5188
5214
5223
5348
5382
5394
5408
5519
5523
5805
5938
6028
6185
6262
6459
6462
6482
6498
6886
6928
6980
7266
7271
7314
7489
7510
7520
7528
7665
7741
7918
7996
8130
8246
8359
8746
8760
8781
8799
8871
9184
9844
9924
9941
10000
10026
10443
10707
10726
10784
10882
10941
11215
11238
11401
11547
11640
